改ざん画像無し画像
Contrast: [[ 64.50630701 110.24657254  78.84597438 112.25112967]]
Homogeneity: [[0.36267839 0.35574318 0.35744369 0.35588229]]
ASM: [[0.01432591 0.01408565 0.01418781 0.01409441]]
Correlation: [[0.80117576 0.66030459 0.75702589 0.65412809]]

改ざん画像（画像内改ざん）
Contrast: [[111.45587232 213.15416818 146.62442256 209.16136881]]
Homogeneity: [[0.45755974 0.41630214 0.43390146 0.41738829]]
ASM: [[0.03046895 0.02666605 0.02810625 0.02677145]]
Correlation: [[0.82359929 0.66293863 0.7680878  0.66925246]]

改ざん画像（画像外改ざん）
Contrast: [[140.01331777 269.62178967 189.42084958 262.20148676]]
Homogeneity: [[0.39740541 0.359358   0.3788843  0.36134579]]
ASM: [[0.01963171 0.01834465 0.01901466 0.01843083]]
Correlation: [[0.81682464 0.64757218 0.75234282 0.65727141]]